40
1
21 
1
17 
2
-26 -35 
-49 29 
2
-13 -32 
2 -29 
3
-37 5 24 
34 -25 44 
27 -12 -28 
3
-28 -14 -33 
47 49 33 
-30 31 -42 
4
21 9 -27 44 
-24 49 -40 30 
29 49 48 -19 
-30 -39 -12 -4 
4
-3 -35 -10 26 
-45 -35 49 -9 
34 -2 -9 17 
19 24 -22 42 
5
35 -47 37 14 -47 
47 -6 32 46 44 
15 18 7 -47 17 
-45 20 -43 31 25 
24 -18 18 8 -17 
5
11 28 -48 -14 -44 
-4 23 -41 -17 -13 
-38 32 31 -4 -20 
-23 -39 49 35 16 
16 -8 -14 -25 25 
6
13 -50 10 -18 -40 43 
43 38 45 31 44 43 
-43 -46 -23 -6 -34 -41 
28 13 42 -45 -24 -7 
-8 -5 -41 34 31 36 
10 47 -12 -30 -21 -1 
6
-37 24 39 10 6 34 
3 13 38 -18 9 6 
44 39 21 36 -3 0 
-21 39 45 40 -24 -22 
26 -12 -25 17 -40 4 
-34 -27 -21 7 -15 -13 
7
-9 -10 2 31 -25 13 40 
-31 3 11 -45 2 -39 -16 
43 8 -26 -31 37 2 7 
-38 -31 17 -31 37 -8 -50 
-5 -21 39 -12 -28 -9 -30 
-3 6 12 16 -41 25 -27 
-37 -11 7 -43 47 -17 -24 
7
34 -13 -14 -1 -41 5 18 
-2 48 18 -5 29 7 34 
-49 0 6 -50 -44 -32 16 
18 43 39 31 -18 48 -10 
32 33 -31 16 -29 5 17 
-20 -40 -15 28 10 5 -26 
-10 14 10 43 -36 -34 44 
8
23 36 -38 43 -19 -48 -24 -34 
2 17 48 -14 36 -34 7 -9 
34 -11 -47 -31 -33 14 -23 43 
6 41 3 -49 8 -29 -3 -19 
9 10 -26 41 -36 0 -43 16 
19 7 -48 5 23 -39 -2 7 
0 2 -21 -30 18 -42 -37 26 
49 -31 27 7 42 -25 -10 2 
8
-13 -34 -7 1 17 -48 -33 -14 
9 22 -6 34 33 42 -8 36 
-6 -27 -44 14 -19 21 -10 -20 
-8 20 -10 -15 45 30 37 34 
-1 32 -15 18 -14 -46 -46 -3 
26 -50 -19 -38 43 23 48 39 
-2 6 4 29 -23 44 12 20 
14 4 7 -39 36 46 45 -15 
9
-20 32 -47 16 37 10 -37 -35 10 
-6 29 -45 20 -21 45 -32 35 -49 
0 15 -3 14 37 14 20 -6 25 
6 -10 -27 -6 20 -45 -3 38 -6 
9 -49 10 22 47 41 27 17 -29 
-26 -12 8 27 -10 -27 -25 -46 -40 
39 24 4 -34 32 -4 41 -24 -34 
-1 -24 -46 43 -13 7 -45 -41 5 
47 -11 24 20 -35 -38 -22 43 2 
9
2 20 6 -36 -39 32 -29 -23 -33 
17 21 -7 -14 -30 -29 42 15 9 
0 21 -30 -45 -30 9 29 40 25 
-6 20 -30 46 24 40 -45 39 -49 
-11 12 30 6 -21 -47 -50 15 -27 
23 8 39 -18 10 -38 3 -33 34 
14 46 -24 41 42 46 13 39 21 
-45 -4 -38 8 35 24 -11 -8 5 
44 44 23 -32 17 -19 9 2 -7 
10
-27 7 10 -43 23 -42 35 15 -49 31 
30 -8 -46 36 38 18 -6 23 44 33 
17 0 -20 11 -27 -2 31 -44 9 35 
-1 -16 44 -41 -9 17 -33 28 34 20 
-39 15 -38 18 1 -50 -14 45 -24 33 
-19 43 -17 11 -43 -42 11 38 16 -30 
23 -35 4 17 26 -3 36 -5 -25 21 
-34 38 -14 30 6 37 31 -5 -16 -43 
-22 15 2 -37 -24 9 -29 37 -3 37 
9 22 4 15 41 32 -38 28 -23 39 
10
-1 45 28 -13 26 -16 26 -41 29 -40 
18 9 -22 -30 22 -44 30 -5 -4 -23 
-18 -45 2 -12 21 -7 -30 -15 23 -50 
-25 24 -3 5 -39 -27 -9 -11 34 23 
-48 2 -18 -20 23 -45 -14 3 0 32 
-18 -15 -10 34 -25 -39 30 48 48 3 
48 -27 -22 47 -20 41 23 22 -19 7 
47 35 -40 -21 -35 33 36 -47 38 39 
-12 -30 26 28 7 -49 -9 -13 1 -11 
-8 -49 -35 20 49 -5 -36 22 19 47 
11
-21 -32 32 41 -50 -1 24 36 -46 12 -23 
-8 33 -47 22 -10 7 -37 -21 -42 3 21 
-40 -30 44 11 -33 -42 -17 -11 7 -36 7 
41 -44 7 -10 -18 46 -6 45 -27 -11 -20 
29 -39 -28 38 27 1 -2 32 24 -40 -48 
18 21 -31 -22 6 8 -13 21 -34 -22 -21 
-25 -30 11 -29 -33 6 47 6 -12 26 17 
10 14 46 13 14 28 40 25 30 -40 -4 
2 41 -47 -40 -22 -24 28 -41 5 6 -21 
-34 27 -4 -25 24 -48 13 -48 -28 26 -32 
-32 41 33 47 31 8 -21 42 6 31 33 
11
-39 -6 13 -13 24 22 -6 -20 -48 11 10 
-2 -12 36 -47 3 39 27 -21 -43 45 -29 
-8 -6 4 -50 24 48 -41 -43 31 -30 -47 
47 -40 -20 19 4 10 -27 17 22 -26 -45 
9 -23 9 -50 -46 -10 -43 1 -37 -48 46 
18 4 -28 -32 13 31 2 34 35 -1 -4 
-35 -32 -50 -23 44 18 -50 -32 -25 -39 -5 
-14 -39 -49 27 20 2 -8 22 -50 12 29 
-28 31 -8 6 -17 28 -9 32 -26 -42 2 
27 37 -4 -5 -11 14 -28 0 11 9 -37 
12 38 34 17 -20 -42 17 43 37 -8 -24 
12
32 48 9 10 41 43 -13 49 -5 -36 -12 -6 
-39 28 10 -17 -22 24 42 44 -14 -18 -20 5 
-35 -12 -27 10 28 -33 36 10 -35 -5 22 8 
-12 -41 -41 -15 25 -3 29 36 -25 42 -30 -44 
16 14 -50 -48 -1 -20 -40 14 -30 35 -26 48 
-48 -40 -40 19 -43 33 29 47 -6 38 -18 -30 
-15 14 8 11 6 -20 -31 -28 45 -31 26 -6 
-49 36 10 -29 -27 34 22 27 -4 32 -4 3 
-33 -25 -48 -36 15 36 -16 -49 0 -6 -36 -44 
25 -17 30 -28 -46 7 16 7 45 -24 28 21 
12 0 -2 -42 35 45 -37 -48 22 -35 -34 -12 
-49 -48 41 -46 -3 -45 12 24 40 -7 46 -4 
12
2 -36 -47 49 -10 31 20 4 34 -31 -36 19 
16 29 -27 -12 -4 -10 -22 -3 44 -31 -47 -9 
26 16 17 -32 11 13 14 15 27 17 14 19 
-49 37 -27 -13 -44 -13 -44 -26 18 -21 -36 -36 
-29 -7 -36 -34 -36 -33 -41 -7 -15 27 11 46 
-10 -24 -37 -32 -5 -20 37 48 -33 13 -15 25 
2 43 49 -29 -27 -37 -15 46 6 -1 -38 -27 
-31 24 16 4 1 -23 -47 -7 -45 -34 -37 -47 
-4 3 -49 13 -34 39 -12 -30 32 -13 -9 7 
-47 -21 4 9 28 -32 -16 47 42 -50 -46 45 
30 -43 -11 35 25 2 -10 -28 -45 -8 -13 23 
-19 -22 44 -37 -33 37 -27 -30 -34 27 -18 -3 
13
-3 16 46 42 17 -50 37 -3 9 28 34 -15 33 
-25 7 -10 -31 -4 -36 -48 24 10 17 42 -3 40 
14 -34 -31 46 -35 17 13 -39 9 32 14 48 -21 
-27 27 15 8 -38 -8 17 2 -37 16 -32 -35 -10 
-20 33 34 28 -25 -1 -4 -5 47 11 -38 10 -26 
-27 -8 38 -29 -27 14 0 -9 -28 12 33 -8 -35 
47 -42 35 14 -50 -34 -3 -13 -4 23 -12 42 20 
-15 -45 -16 46 -21 7 40 20 -20 -36 -16 31 -43 
-42 -7 40 -48 -40 -11 -40 -2 -46 13 14 -47 2 
-40 26 40 4 48 -25 9 -18 23 -10 39 14 -40 
-30 -20 46 3 -13 -45 -2 29 -43 -39 -31 20 9 
25 35 25 28 -13 35 -43 -23 41 -45 -46 -48 -12 
28 -8 29 44 -45 1 26 -49 -46 -37 -44 -45 -6 
13
16 -34 -35 -14 -23 40 -29 -48 19 8 37 -22 -13 
-20 -17 -9 -18 -27 21 -24 -47 -33 33 -44 43 35 
-39 8 -7 18 -47 11 34 20 47 13 11 20 15 
32 30 -46 -40 19 -16 45 -39 -32 21 -16 -6 24 
2 -22 30 47 15 -7 6 10 13 -39 -28 -3 31 
21 -40 44 44 -23 26 24 -19 -12 -6 15 -16 -43 
33 -45 43 30 -19 47 -42 13 45 -25 9 -47 35 
-28 -36 9 -28 -3 -19 34 -8 -25 -38 -32 1 -7 
-41 -3 11 45 -44 46 2 -50 26 33 47 -14 48 
-6 11 7 -3 49 -18 -37 -40 4 11 -9 40 -47 
-32 -48 23 -28 48 32 19 9 -21 26 5 31 -22 
-18 14 -25 -30 -35 -28 -16 -26 19 -17 6 33 -7 
12 46 -13 3 1 -43 -43 -26 31 -45 9 -47 -34 
14
38 29 22 20 9 6 36 -14 26 3 8 12 28 -22 
45 36 13 41 -1 9 30 4 -40 -11 11 36 -29 -31 
47 -26 -15 36 5 9 -42 -36 -35 -4 0 -6 -50 11 
-44 28 -9 4 14 -46 47 15 -35 27 -31 27 18 -17 
13 -9 -46 11 -33 -11 49 22 49 9 -12 16 -45 -9 
-40 -45 4 19 -15 45 -27 2 1 -30 -33 16 -1 39 
-7 19 -28 8 -39 -24 21 30 -33 -28 -45 18 31 -7 
-15 -11 -14 47 46 40 16 -18 -13 -9 34 38 -37 3 
4 -36 -8 -1 34 -34 10 -3 44 -19 -23 -38 4 -18 
30 37 -22 17 -24 -34 15 25 9 33 -43 46 -25 -7 
35 40 46 41 -45 -11 -9 -9 5 -49 -10 -48 34 17 
-36 40 2 -4 28 -18 16 6 -50 -19 -19 9 16 40 
6 -7 -17 43 -16 32 34 41 -29 -25 -18 -22 28 22 
-20 13 41 46 3 45 45 33 29 11 -10 30 -6 -27 
14
-11 -40 16 -3 4 49 -10 -10 -17 -25 -19 -44 -48 -35 
-15 31 -11 -33 -6 32 16 47 28 -37 -17 -41 24 -25 
39 20 -2 31 -18 16 -22 -12 -32 19 28 1 -4 11 
8 -2 26 -5 -21 -35 12 23 0 30 -27 -22 43 -42 
39 -31 -17 29 39 -17 -38 24 -50 -10 -38 -32 11 -7 
19 -43 -46 29 6 -17 -26 -13 -2 37 13 0 -31 -12 
-20 -37 -4 -30 34 29 1 -24 14 13 -50 14 -47 -38 
-16 -33 -43 6 -26 -38 -15 -18 -5 10 -28 -5 49 35 
46 -32 -27 -24 33 -29 -4 18 -50 -1 44 14 -38 -4 
31 -34 8 -35 -17 16 21 -41 -20 -43 44 -23 -31 -34 
-26 -32 -49 -30 -14 26 49 -30 47 47 -10 -1 -3 -16 
15 9 30 -4 -23 40 -36 -38 -42 -13 -28 40 46 -34 
-33 -35 -18 -8 -17 35 -36 20 11 15 -8 -40 13 -16 
9 12 18 26 -29 -50 -27 -49 -8 39 -37 -47 -24 -15 
15
43 25 -47 13 40 37 7 -26 22 21 -4 35 -13 -10 45 
2 24 -44 -36 44 33 37 -4 8 -10 -10 49 4 -7 27 
-9 39 2 -5 -46 -7 34 11 -31 7 34 -33 -8 23 -41 
40 -25 -15 -2 41 -21 -19 -19 -23 -9 21 17 -10 27 13 
-32 -31 2 -28 -34 6 -33 -50 -33 -14 -41 -49 -45 -46 -23 
16 44 2 -49 -8 46 32 -24 -23 -41 -31 0 27 10 -22 
42 -20 -3 -6 2 -35 2 20 -35 19 8 -25 -28 -34 -21 
-1 32 25 4 34 19 -48 16 -3 -21 -22 17 29 7 29 
-43 -1 -41 -44 43 11 -29 -5 33 39 16 -8 -36 -10 8 
45 -8 42 20 -2 26 -11 0 45 -11 -19 25 -44 -40 -18 
35 20 31 44 -22 -24 -43 -48 -27 -7 41 -9 -13 7 31 
-3 2 25 -11 24 25 18 15 -25 13 -46 6 -12 -40 -31 
-28 -3 -9 -47 43 19 31 -49 21 -46 46 -36 47 -17 -27 
-20 30 -23 -44 -31 -49 31 37 -31 9 -48 -27 -35 42 36 
-16 -36 35 -23 19 29 47 0 -18 -30 -44 -22 37 -47 11 
15
-40 -16 -9 -12 42 10 41 -25 -50 -40 34 -48 36 2 45 
-26 -12 -41 -41 16 29 38 -35 31 22 -15 -10 -50 24 -7 
11 35 -21 -48 25 23 -35 16 1 -35 -21 37 19 -35 -11 
14 41 -20 -24 -50 46 7 -9 13 40 -37 0 -20 -36 -25 
-24 -23 12 -43 32 -13 -17 47 -47 34 14 34 21 35 49 
13 -48 -8 -5 -22 -7 -9 -13 -14 6 -23 -49 -44 -40 17 
-19 -14 45 43 -7 -21 32 26 28 -12 -38 -8 -28 34 29 
24 49 31 -34 -6 -41 9 -13 48 -3 43 28 -1 1 38 
18 33 -26 13 -22 -31 -6 -39 -2 -28 -1 10 14 21 46 
-6 -5 -3 27 12 41 -11 23 30 -13 23 -25 -35 24 27 
-47 -8 -38 29 8 42 1 -48 -47 49 -25 -46 9 -9 -22 
-42 -13 -25 5 -35 -11 49 4 15 29 -7 -12 7 9 -38 
-16 -36 -44 48 -4 14 40 47 17 -4 -2 -6 0 9 35 
-20 17 25 6 25 40 -3 24 46 -38 -45 -11 -48 12 0 
16 -2 15 23 -4 13 39 -13 10 6 33 10 2 35 -31 
16
40 -34 37 15 -26 -36 5 21 38 1 -14 -5 -8 -12 10 43 
-45 10 -40 -20 -43 23 -31 46 35 -22 -19 -5 30 -34 14 20 
34 -47 -15 -42 -33 -8 -18 7 -5 18 5 38 8 -35 31 -35 
25 41 -5 -16 -34 15 -20 -49 -5 -37 48 -25 -20 12 -2 16 
-32 -15 -23 -15 28 9 -5 25 29 -50 -35 39 -35 -2 -45 -8 
-11 0 27 -43 17 9 -42 14 23 -44 40 5 -29 40 -29 -11 
-25 -2 -24 5 9 21 33 -12 21 48 -22 36 -3 35 31 -12 
37 8 -4 5 -33 -44 21 40 -37 -37 -5 36 -47 -31 -25 31 
17 1 -14 -23 25 21 -33 -4 20 47 35 -33 32 16 -43 20 
26 3 27 43 10 -2 -14 -25 12 -17 13 -33 2 -10 48 22 
-7 37 1 -32 8 -30 15 -22 -32 -48 47 2 18 7 -28 -6 
-40 1 39 -28 2 27 49 16 13 12 33 17 4 32 -11 48 
19 -8 -34 29 13 -17 10 -17 -15 -41 35 5 16 10 1 27 
13 -9 1 -35 20 -47 31 -17 -33 -33 -49 22 49 -10 20 -30 
-15 -12 1 48 22 -39 -19 9 -29 18 -35 37 -22 -32 -34 42 
9 -30 9 -20 -27 -9 -35 -10 -40 -34 -38 -41 -41 -16 31 -6 
16
-25 -18 44 -1 46 27 -42 -33 -5 25 -46 -24 44 23 20 -45 
43 -21 37 -34 -28 -47 -42 -18 -31 23 43 30 -43 -24 -26 -18 
-39 20 -17 -43 -3 -8 -26 -5 19 30 21 -35 3 43 -29 -4 
-28 10 12 47 13 21 31 -15 -6 25 17 -47 3 -6 38 14 
-36 -29 21 -36 -35 45 9 35 -22 32 2 31 25 23 -22 -1 
-16 -8 48 -1 15 30 -14 11 -43 -46 -33 10 -2 -45 -25 12 
28 -2 26 -4 -6 37 33 22 19 -15 -45 46 -41 -17 48 45 
-22 46 46 -5 26 -17 -43 33 -13 -26 46 -13 31 23 49 -39 
-29 -22 7 15 -35 -10 39 -13 26 45 -17 -13 30 33 -18 10 
30 30 -44 6 -37 -37 42 -48 39 -10 -11 -28 -37 41 -17 -16 
21 41 2 -12 -19 -9 25 -43 38 11 -6 -29 -6 -22 31 26 
-41 -11 35 24 -46 -21 -21 43 19 -30 -35 32 13 -1 18 -16 
-10 -30 23 -27 -36 -50 -19 4 -37 25 25 -40 6 -41 36 15 
-2 21 41 3 -50 -30 48 19 43 16 -47 6 17 22 41 9 
-6 -34 32 8 -34 -37 -37 32 -9 -10 42 -1 -49 28 16 0 
0 7 5 -48 -20 -45 -26 -27 21 -23 29 -12 1 -28 47 46 
17
40 30 -44 9 -5 -31 -9 -12 -38 -17 37 -37 -39 3 -35 -37 -39 
-28 -34 43 -22 -10 -34 49 -31 -3 40 21 -28 37 -31 -38 -31 -25 
21 -33 47 14 5 -41 47 -7 24 11 46 -8 24 9 14 -8 2 
42 -16 -30 -6 4 18 36 27 -8 -25 46 -44 -5 -29 28 12 20 
-8 19 -19 42 -38 -44 3 11 -2 29 -30 14 -28 23 -41 6 43 
3 12 -37 -11 -11 -43 -34 -15 -36 11 -41 -6 25 29 -12 -5 -39 
-20 -41 -33 -15 20 -33 -35 41 31 39 -34 40 47 11 45 10 -23 
36 49 -16 -47 37 -50 -34 46 -6 -6 25 -15 -9 36 -33 0 5 
3 23 22 -30 -34 -44 11 -18 -2 8 -5 -6 20 -26 32 -28 -39 
35 -41 -39 4 -45 -42 48 30 -7 -11 17 10 39 -28 15 -36 -3 
-13 -20 3 48 -36 -49 -41 10 47 29 34 30 -49 45 -33 -40 9 
21 17 17 19 -2 12 10 17 24 -48 -9 -10 -34 38 -21 -3 43 
-22 11 -3 39 23 -6 -30 -40 26 24 7 -4 -14 -34 19 -46 -15 
41 2 -1 1 -31 -26 3 10 -34 20 -49 -5 -33 44 -25 -20 -9 
16 -46 -12 37 16 16 11 -27 14 47 42 -16 -49 -23 -25 -45 27 
26 26 3 32 39 19 2 40 16 -29 -14 -6 1 -20 -40 -43 -30 
47 23 36 -40 -1 -47 10 -9 -13 -37 18 -36 -31 47 -8 -3 0 
17
-26 -14 21 -22 28 -12 -1 17 32 3 -1 42 -38 19 -8 -12 -43 
-46 37 -40 14 -22 49 28 -2 -37 -1 48 6 46 -2 -18 35 22 
11 -35 -40 -40 -16 -6 -35 33 38 -22 2 32 16 10 37 -45 -28 
1 -17 -28 31 -17 37 -20 -19 -7 29 -18 -22 14 -46 39 -19 -36 
1 16 -40 17 -1 48 -3 4 -17 15 16 -30 20 38 -27 5 12 
-45 38 0 -15 -30 -5 -36 2 23 -20 6 -36 12 -28 16 30 34 
-17 -21 -16 -18 33 17 47 -49 37 17 40 -39 24 -46 18 12 -44 
-47 -16 2 20 36 27 -50 44 42 -36 18 8 44 -46 -7 26 -11 
25 -39 -44 -26 -37 -4 -7 -47 -41 -33 9 27 29 16 -18 -36 20 
4 2 -3 -43 49 41 -29 -31 -49 18 -26 46 -6 13 -27 5 -29 
-3 -30 -31 40 25 30 -43 -15 7 -11 -49 -8 3 -27 46 7 -28 
-47 6 -36 27 26 17 -5 2 14 -9 -35 -11 -2 38 37 19 -42 
-21 -6 -10 -13 -19 48 -22 34 42 -17 -43 -10 40 -20 -6 49 -6 
23 -23 13 -32 29 29 -39 -4 -31 9 36 8 30 -4 37 27 37 
26 -42 35 -46 43 -21 -13 2 19 30 32 15 29 28 -12 8 -8 
6 -13 23 -31 -15 42 29 -29 0 -39 18 40 38 5 -32 -1 42 
-27 -8 -29 -38 44 -8 -6 -21 -42 25 -43 -4 -17 -49 5 -28 25 
18
24 7 17 -45 29 20 -33 49 -38 -45 4 -20 4 -4 -45 -2 -31 -32 
45 11 -36 -26 19 40 33 18 -27 35 -27 -4 10 -1 5 29 5 36 
-49 22 35 -37 -21 -11 -6 -14 -13 -1 34 6 -31 -19 20 -16 5 41 
-26 41 9 49 26 -16 47 38 34 3 17 41 -11 19 -35 27 -16 -6 
-34 28 -18 -44 30 -33 12 49 -50 34 -17 -42 26 -41 49 37 -41 25 
24 8 13 8 13 32 -49 -47 1 -34 -18 -12 -38 -2 -34 -5 4 46 
-36 19 -2 -36 -45 -17 -28 31 -7 -29 -29 -46 -2 45 -36 -39 3 28 
-4 -44 -17 47 -28 15 37 -16 15 -46 -19 22 2 -5 -9 -50 10 48 
36 -16 30 31 -42 -49 -13 6 46 1 -30 -49 -21 16 9 -36 -35 31 
29 -47 17 -5 9 49 -33 13 -6 -40 14 6 -42 -48 -7 -10 33 1 
43 -30 9 -9 -27 29 -8 -45 47 -49 -31 15 -16 49 -30 -48 46 29 
3 15 -8 -1 25 8 8 -15 10 -49 26 45 -46 -29 17 13 13 -7 
45 -45 -2 -6 9 17 -41 -5 -32 -21 49 -36 10 2 29 5 4 -44 
-37 -38 44 -24 15 -28 23 19 -7 43 34 -44 -14 -19 14 34 26 25 
-47 -13 -30 -28 -31 -30 38 29 -26 -30 -16 -20 28 -50 44 22 28 9 
44 -47 30 40 46 -33 46 -18 -2 -38 -34 26 37 -30 -36 -42 44 -17 
30 32 14 6 4 49 37 -17 1 -17 -45 31 -5 2 34 27 -8 31 
44 40 -37 45 -47 32 21 40 -48 35 0 -2 20 32 -20 -15 -11 -13 
18
-16 28 20 -13 13 -23 -32 -42 -19 4 36 23 -15 -18 14 -1 -23 -31 
-19 49 -41 35 -14 -38 -17 -43 44 -35 -8 35 2 -22 -35 24 -33 29 
4 -15 37 35 39 -25 -39 27 8 25 28 35 44 -41 -14 5 -4 -25 
17 29 -18 12 -4 -24 49 1 4 -35 -25 21 44 -19 8 -17 -33 49 
9 -22 26 19 5 -44 -44 -49 -35 -7 6 -37 18 26 -6 2 40 41 
-20 39 44 -14 -46 -31 9 0 1 -33 -14 -30 18 -3 -2 47 -34 -47 
-47 -28 -46 21 -33 -38 34 -13 38 -21 39 28 22 21 18 16 -43 -26 
-13 16 -23 -10 33 13 10 -46 -40 -42 3 28 13 6 -50 -31 29 20 
34 -34 -43 22 -5 -1 -47 19 -30 -27 -15 -22 49 22 44 -24 15 -20 
39 -25 36 1 36 -11 -21 -49 -3 32 -29 -23 2 -45 -7 -39 -21 -10 
10 -18 -41 31 -43 46 11 -43 -30 5 -17 35 -13 25 -39 -27 28 47 
12 10 48 12 -8 21 -9 -4 -22 34 7 8 26 20 -8 -13 -47 0 
-17 14 7 3 21 -8 -11 -41 -33 0 -18 46 49 -3 6 -1 11 0 
23 -48 -2 -49 -12 7 -39 -36 -23 -44 1 -20 6 34 -4 15 39 -32 
-43 -22 -23 27 -20 -39 -25 -21 -40 31 -19 21 33 6 23 -19 7 -39 
-10 -29 27 18 -23 -22 0 -15 14 47 2 4 -35 9 -16 44 38 15 
7 -37 -4 18 -4 -21 41 31 35 15 -38 45 -22 -45 -34 8 23 45 
36 25 -20 -47 22 32 -41 -11 43 -7 -17 -16 10 41 -3 -43 -39 -4 
19
-14 -48 -23 24 -31 42 19 -50 47 35 8 -28 30 46 47 12 49 -28 46 
10 11 -9 6 -3 25 -34 40 25 25 3 -29 14 5 -2 -12 25 42 -43 
25 39 -6 35 -39 26 31 11 40 -17 33 36 43 46 -23 -1 45 -47 -32 
35 28 43 -12 1 7 -4 49 45 23 42 4 -50 -17 48 35 47 24 16 
8 14 49 43 -48 -5 -9 -20 -4 -13 35 14 24 -35 8 15 16 -35 -39 
-33 13 -14 11 -33 -14 45 -34 -29 -6 -8 -11 -48 9 41 -3 -37 38 38 
-7 -16 -25 30 49 2 -3 7 -33 -37 -26 30 33 37 -34 46 -45 2 -7 
23 -25 37 17 -34 -9 28 -43 38 42 45 27 37 -20 4 18 31 -44 -35 
40 -27 31 -36 5 -34 -48 21 -38 9 25 6 34 -50 -7 1 -33 -13 -20 
26 -25 -28 22 4 11 4 -41 -21 37 17 47 27 -7 -20 41 48 -4 -5 
20 -40 -46 47 -32 -10 48 -36 42 17 1 24 -7 26 -2 17 33 -41 23 
42 41 10 9 -10 -13 4 20 -21 3 18 -24 25 28 33 22 -1 -27 -28 
13 -35 39 -36 -9 35 40 39 2 -25 1 -24 -33 -8 36 -21 32 26 33 
-46 -45 38 22 33 13 -48 16 -14 1 40 -40 -36 7 -50 -22 49 35 21 
-10 -13 46 41 -35 16 35 4 -3 17 -20 32 21 37 21 45 20 -16 48 
-13 -28 -49 -23 -17 -34 -14 35 46 37 20 -31 -22 9 18 21 -23 -16 7 
31 -17 26 13 -35 -50 0 36 45 -30 23 -5 -41 -3 -3 38 30 -35 -25 
-33 -39 -38 37 33 42 49 1 14 -24 -13 23 9 20 -1 -28 35 -1 -26 
-26 -5 46 47 -8 -44 -6 39 44 27 -46 21 44 18 34 -16 1 -22 -17 
19
4 42 -39 -7 15 -28 -37 17 -6 0 -34 -30 24 -37 -34 -27 6 -28 18 
47 19 47 -48 -10 41 -28 26 27 23 -45 12 29 -1 23 -28 -35 -3 37 
32 41 -13 0 -39 14 -34 30 37 22 -48 -43 19 -27 6 -27 14 -50 -5 
42 27 20 -1 -10 -49 49 15 -27 16 -37 -40 -50 6 -50 0 -30 14 16 
-50 -47 40 4 13 -38 28 -31 37 -8 21 35 36 -1 5 -14 39 -41 -15 
-44 -18 -49 -31 45 -49 26 45 -47 46 -39 -28 -2 16 -38 -48 31 26 30 
3 14 24 -26 -1 11 23 6 47 -36 15 34 -29 0 35 -10 -5 -12 18 
42 -9 -34 5 -35 14 -29 30 17 5 6 -3 -42 22 -28 -18 23 33 -44 
32 -18 -30 -3 -34 43 -1 3 36 -4 -7 4 40 -14 21 -5 2 -15 -31 
-18 -48 24 -10 0 32 -37 -26 -36 -12 9 22 -30 41 -5 -30 9 -12 19 
14 -26 18 9 29 8 45 -48 -46 49 -13 -27 -19 42 -1 -26 44 -19 39 
-32 47 -23 -21 20 -2 -30 -35 18 -19 -45 39 45 32 7 4 11 -34 -49 
-35 -30 -49 -46 45 34 46 -6 -42 -8 -23 47 -38 26 27 -9 -4 -25 -37 
-37 43 -6 21 -16 41 3 42 47 16 -42 1 31 30 -46 -13 -23 38 -16 
-27 -1 -22 -48 48 -9 28 25 -16 27 2 -2 -8 47 -6 -37 -18 38 16 
-26 -13 34 34 38 15 -34 42 -47 -7 -17 39 -32 32 19 -30 -18 12 48 
10 47 -23 -38 47 20 -40 -9 33 -8 -21 -48 -32 17 36 4 -43 -46 20 
-50 9 15 -17 -50 33 17 19 5 1 -18 -45 -39 -21 -17 -26 28 -47 -16 
-31 36 26 -49 -10 -4 -30 -23 -50 -23 -19 20 29 -8 37 -38 -8 -28 -19 
20
-39 27 33 45 -16 44 26 17 20 4 -28 -46 24 11 -18 -23 -49 28 -3 -22 
-20 24 -39 -50 4 3 -11 -32 45 11 -48 9 40 -13 -44 27 -19 33 -6 -48 
39 -31 8 -35 30 41 -8 31 -29 -9 12 2 -34 23 -46 -28 29 -6 42 -24 
7 -4 -13 -50 33 -6 27 17 29 23 -29 18 -6 29 -14 -26 -28 28 -44 -6 
-30 -30 -2 38 43 -46 12 -26 -50 -44 1 8 3 38 -40 38 34 -11 5 13 
14 26 34 -41 -42 -30 -17 -20 0 41 -24 -28 13 24 -40 -41 29 -26 -17 -19 
-19 -14 39 -14 -25 1 -26 11 -8 -18 27 -43 -42 11 -34 -34 -17 -49 49 33 
-5 -25 8 -42 2 18 -33 33 -5 -47 -36 -22 -11 -46 -34 -34 -43 42 28 0 
-26 5 -41 -17 18 27 -49 -49 28 -50 -14 25 -24 44 -14 28 -35 3 11 -38 
6 25 42 -2 -19 -42 14 41 -50 -8 43 -25 -1 -48 -40 19 29 -39 -28 -41 
14 -39 35 40 7 -29 -30 22 -24 -17 -14 -15 10 -22 33 -6 -14 49 -15 39 
44 30 -36 -7 32 -26 -37 11 37 37 20 1 48 -43 43 6 -22 -37 30 -43 
48 -33 -8 9 47 27 5 36 26 40 25 20 -28 39 -36 -46 15 29 -33 2 
16 -11 -46 -33 -3 47 23 -23 13 3 -16 11 -28 26 22 -30 -45 -23 -44 32 
19 -17 2 41 -28 -32 45 37 -1 -38 41 -34 -46 45 35 1 -5 8 28 10 
13 -37 -29 36 -9 44 8 -3 23 -34 31 -7 -1 -17 -16 -27 2 32 12 -49 
-4 3 19 0 -49 4 3 48 14 -18 8 -22 47 29 16 40 -25 26 39 1 
-6 20 44 43 -46 30 18 -42 -36 -20 -41 11 33 -19 13 -14 -13 -33 -16 -48 
-49 42 32 48 -26 -50 -10 -49 26 -20 2 -30 -50 -4 15 6 29 -17 14 43 
13 -24 -44 48 7 20 -15 -4 -11 19 -50 -10 -36 32 -12 -12 32 -20 -11 -40 
20
10 42 32 -37 40 49 19 19 -18 -16 13 -3 -38 19 48 -29 41 -17 17 -20 
4 18 20 18 -48 10 -44 -13 41 48 49 -47 40 32 -34 30 31 36 -48 16 
22 15 -37 34 36 -39 7 -20 46 -26 10 1 -6 33 21 -3 45 28 -14 -12 
-22 -15 -8 -32 -33 8 0 1 46 2 19 18 19 32 -46 6 -4 11 -12 44 
-12 48 47 -16 -17 19 -17 -21 49 19 -31 -23 -45 11 -5 24 22 -3 27 18 
-50 -4 -13 19 31 43 27 29 5 -35 23 -5 16 21 29 1 -10 -37 30 41 
32 -50 -32 -11 -37 -35 16 35 12 -7 4 -36 40 -7 -14 -27 38 15 -48 45 
-17 -23 -10 49 48 -30 0 40 35 33 31 17 -15 1 9 -50 16 -25 36 31 
-30 42 45 12 37 -19 35 25 -1 -11 21 32 17 -39 31 15 33 33 -42 18 
-32 39 38 3 43 49 4 9 -26 42 -10 46 34 38 9 -27 -31 -6 48 -30 
34 -29 -48 -47 35 33 18 18 -31 -22 39 -13 20 -21 -7 13 -22 -1 -28 -46 
-9 -35 -50 27 -47 9 -50 24 6 0 45 42 22 47 45 7 -17 -35 27 2 
-6 16 -9 -36 45 34 27 25 -17 49 29 -24 -36 30 -47 19 41 -47 -6 -3 
4 -11 41 28 -14 36 -15 -29 -48 -38 -25 -4 -19 17 10 28 -47 39 4 39 
38 35 -35 5 -33 21 26 -41 -24 -30 -42 30 9 -50 8 -2 36 -5 -29 -10 
8 -3 36 39 -36 48 17 19 37 23 8 -22 9 -24 -15 26 47 -39 -13 25 
34 -4 -42 45 48 16 45 -14 14 -33 27 24 14 -35 13 -20 -36 32 49 3 
-42 -40 -17 17 38 18 45 -13 -18 -17 -38 -34 -19 -30 -39 -21 -11 -43 15 -47 
26 44 27 -10 -40 42 20 26 -24 -29 -21 -16 -19 -35 3 -31 33 -1 6 17 
32 19 -15 -37 -9 -3 44 30 -44 9 33 32 -44 -38 24 -34 6 -6 42 33 
